1660221616.141167 0.0000000 0.0000000 0.0000000 -0.0000000 -0.0000000 -0.0000000 1.0000000
1660221619.710768 -0.0122003 -0.0007699 0.2541150 -0.0040004 -0.0038045 0.0043903 0.9999751
1660221619.810849 -0.0107683 0.0000632 0.2568327 -0.0036032 -0.0012582 0.0042423 0.9999837
1660221619.944290 -0.0101905 0.0003073 0.2627429 -0.0029492 0.0021449 0.0014622 0.9999923
1660221620.211175 -0.0066729 0.0017695 0.2736880 -0.0037807 0.0084660 0.0004341 0.9999570
1660221620.411340 -0.0044735 0.0045697 0.2854182 -0.0035130 0.0111659 0.0001905 0.9999315
1660221620.444701 -0.0040444 0.0047331 0.2872408 -0.0040336 0.0111650 0.0000636 0.9999295
1660221620.744949 -0.0017873 0.0078209 0.3070118 -0.0041495 0.0098787 0.0009933 0.9999421
1660221622.412996 -0.2795462 -0.0207569 1.1884513 -0.0331888 0.1079478 -0.0007929 0.9936021
1660221623.780771 0.0260648 0.0469822 0.5308263 -0.0001171 0.0071172 0.0038602 0.9999672
1660221623.980932 0.0257514 0.0481686 0.5494136 -0.0014165 0.0045834 0.0048502 0.9999768
1660221626.030657 0.0383924 0.0690573 0.6826479 0.0022236 -0.0104182 0.0062648 0.9999236
1660221627.806257 0.0478151 0.0873829 0.7902532 0.0014498 0.0128929 0.0035672 0.9999095
1660221629.753649 0.0707145 0.1057629 0.9057989 0.0019994 0.0239591 0.0007710 0.9997107
1660221629.955092 0.0721598 0.1064195 0.9153559 0.0022516 0.0229101 0.0013801 0.9997340
1660221630.324425 0.0760699 0.1095088 0.9372332 0.0024285 0.0214090 0.0014347 0.9997668
1660221630.959020 0.0812341 0.1166755 0.9840239 0.0038046 0.0094479 0.0024644 0.9999451
1660221631.093317 0.0818704 0.1182962 0.9945658 0.0036908 0.0076404 0.0024999 0.9999609
1660221631.596978 0.0833989 0.1246463 1.0360876 0.0032524 0.0034854 0.0032449 0.9999834
1660221632.671428 0.0852674 0.1378965 1.1240485 0.0018769 -0.0081956 0.0042184 0.9999558
1660221633.175058 0.0865529 0.1437462 1.1632875 0.0018243 -0.0035451 0.0033163 0.9999866
1660221633.510841 0.0893072 0.1470513 1.1889048 0.0009440 0.0026766 0.0015942 0.9999947
1660221634.081627 0.0940518 0.1546642 1.2346499 0.0017909 0.0061709 0.0018328 0.9999777
1660221634.450972 0.0970987 0.1594475 1.2655078 0.0017244 0.0057231 0.0015122 0.9999810
1660221634.786735 0.1004939 0.1636128 1.2936206 0.0014826 0.0072166 0.0011274 0.9999722
1660221635.223211 0.1066194 0.1696176 1.3308640 0.0008361 0.0160875 0.0002934 0.9998702
1660221636.127885 0.1191657 0.1824658 1.4108527 -0.0003848 0.0056586 0.0022708 0.9999813
1660221636.828234 0.1237811 0.1928900 1.4769534 -0.0015451 -0.0038137 0.0040697 0.9999833
1660221637.029692 0.1251668 0.1960577 1.4942231 -0.0013907 -0.0033927 0.0039182 0.9999856
1660221637.231162 0.1267960 0.1990203 1.5118170 -0.0019490 -0.0014353 0.0036970 0.9999902
1660221637.467477 0.1295512 0.2022895 1.5322069 -0.0026092 0.0003234 0.0036980 0.9999897
1660221637.670484 0.1315105 0.2052081 1.5503238 -0.0028133 0.0002025 0.0039061 0.9999884
1660221638.212079 0.1378172 0.2137150 1.6001678 -0.0030756 -0.0004501 0.0055730 0.9999797
1660221639.353650 0.1548250 0.2307633 1.7028030 -0.0014608 0.0080282 0.0049103 0.9999547
1660221640.964019 0.1743340 0.2548077 1.8580035 -0.0010417 -0.0100014 0.0059802 0.9999316
1660221642.578813 0.1895508 0.2790376 2.0112777 0.0000180 -0.0025811 0.0032365 0.9999914
1660221643.283838 0.1942086 0.2899254 2.0755939 0.0004042 -0.0005920 0.0023637 0.9999970
1660221644.726590 0.2071743 0.3103676 2.2058611 0.0007338 0.0075312 0.0019498 0.9999695
1660221646.893298 0.2360256 0.3412898 2.4076838 0.0009261 0.0137215 0.0019870 0.9999034
1660221648.300697 0.2533779 0.3625778 2.5412738 -0.0009828 0.0067735 0.0038199 0.9999693
1660221648.837727 0.2595233 0.3704740 2.5905328 -0.0016204 0.0055363 0.0031988 0.9999782
1660221650.408774 0.2772526 0.3937888 2.7408776 -0.0017513 0.0081446 0.0025397 0.9999621
1660221652.087693 0.3033720 0.4223256 2.9090161 -0.0031466 -0.0000650 0.0037316 0.9999881
1660221653.439838 0.3205555 0.4426465 3.0352955 -0.0006850 -0.0010929 0.0055186 0.9999840
1660221653.876903 0.3270215 0.4486470 3.0741026 -0.0000878 0.0029044 0.0048221 0.9999841
1660221654.344027 0.3349698 0.4554172 3.1146564 0.0005725 -0.0007204 0.0051969 0.9999861
1660221655.751452 0.3522887 0.4764818 3.2426779 -0.0010838 -0.0077122 0.0082689 0.9999355
1660221656.655383 0.3600852 0.4888404 3.3239388 -0.0019933 -0.0140744 0.0084849 0.9998630
1660221657.157623 0.3652198 0.4960878 3.3659961 -0.0017712 -0.0116634 0.0093674 0.9998866
1660221657.657352 0.3708835 0.5027488 3.4051938 -0.0024072 -0.0156548 0.0097703 0.9998268
1660221658.122786 0.3773407 0.5083061 3.4442213 -0.0028852 -0.0242964 0.0142304 0.9995993
1660221659.485665 0.3928509 0.5284698 3.5652888 0.0002051 -0.0243623 0.0122932 0.9996276
1660221660.017527 0.3979174 0.5359910 3.6152313 0.0000331 -0.0270043 0.0123373 0.9995592
1660221660.516137 0.4004162 0.5443580 3.6633921 -0.0007145 -0.0333492 0.0141481 0.9993434
1660221661.081969 0.4010958 0.5535850 3.7172103 -0.0011369 -0.0408699 0.0163090 0.9990307
1660221662.052850 0.4062115 0.5651591 3.7936127 -0.0014409 -0.0343666 0.0144812 0.9993033
1660221663.022945 0.4145864 0.5783196 3.8774033 -0.0020208 -0.0323515 0.0132650 0.9993865
1660221663.488221 0.4182363 0.5859675 3.9202001 -0.0012775 -0.0322998 0.0131616 0.9993908
1660221664.966902 0.4306549 0.6031339 4.0310249 -0.0021993 -0.0144252 0.0106072 0.9998373
1660221669.888724 0.4354555 0.6121802 4.0851245 -0.0010948 -0.0264445 0.0138708 0.9995535
1660221670.929212 0.4408405 0.6208425 4.1416335 -0.0021395 -0.0047558 0.0083222 0.9999518
1660221672.974476 0.4541811 0.6484278 4.3020902 -0.0030359 0.0227728 0.0061589 0.9997171
1660221673.974252 0.4659875 0.6622089 4.3910985 -0.0006798 0.0187313 0.0062917 0.9998046
1660221674.477521 0.4694451 0.6702183 4.4355493 0.0005845 0.0150513 0.0074833 0.9998586
1660221674.947485 0.4719373 0.6762686 4.4771743 0.0014051 0.0112900 0.0073557 0.9999083
1660221679.185953 0.4773712 0.7290362 4.8085351 0.0021957 0.0195892 0.0066858 0.9997833
1660221680.860274 0.4555913 0.7481761 4.9204655 0.0020648 0.0275322 0.0047122 0.9996077
1660221692.526578 0.5131843 0.8063344 5.2844791 -0.0106127 0.4752092 -0.0682545 0.8771573
1660221694.159749 0.5629947 0.8160967 5.3045244 -0.0072581 0.5458776 -0.0784418 0.8341534
1660221695.032143 0.5916688 0.8163458 5.3224678 -0.0096976 0.5808567 -0.0833955 0.8096646
1660221700.994657 0.7878709 0.8466001 5.4594135 -0.0072090 0.7175339 -0.1046062 0.6885859
1660221701.297041 0.7988682 0.8463929 5.4630599 -0.0073224 0.7194034 -0.1044612 0.6866535
1660221701.868208 0.8229284 0.8465116 5.4717169 -0.0084464 0.7258132 -0.1065192 0.6795423
1660221703.069628 0.8839855 0.8513952 5.4848299 -0.0073806 0.7550593 -0.1130769 0.6457899
1660221703.203066 0.8897395 0.8509167 5.4859366 -0.0073404 0.7581728 -0.1141909 0.6419352
1660221703.603378 0.9126482 0.8528162 5.4894423 -0.0073441 0.7610363 -0.1162924 0.6381581
1660221704.105926 0.9484372 0.8539333 5.4948587 -0.0068409 0.7546881 -0.1159813 0.6457146
1660221704.206729 0.9564052 0.8541451 5.4961767 -0.0066777 0.7534391 -0.1157652 0.6472120
1660221704.774352 0.9986043 0.8556283 5.5032926 -0.0070289 0.7489179 -0.1154030 0.6524988
1660221705.074605 1.0191975 0.8563814 5.5066681 -0.0076578 0.7548736 -0.1161058 0.6454662
1660221705.708449 1.0650659 0.8569255 5.5113750 -0.0089180 0.7591020 -0.1175319 0.6402116
1660221706.108770 1.0995069 0.8584371 5.5146747 -0.0084999 0.7512078 -0.1155757 0.6498131
1660221706.308923 1.1179724 0.8590644 5.5167871 -0.0084490 0.7489921 -0.1156910 0.6523458
1660221706.609153 1.1402802 0.8596427 5.5191035 -0.0092920 0.7479865 -0.1158488 0.6534592
1660221706.742588 1.1489491 0.8596138 5.5209179 -0.0096801 0.7494054 -0.1154982 0.6518880
1660221707.109532 1.1729770 0.8601853 5.5196791 -0.0098891 0.7538818 -0.1169855 0.6464354
1660221708.010283 1.2415514 0.8614300 5.5158567 -0.0103609 0.7525555 -0.1159707 0.6481540
1660221709.983624 1.3813109 0.8609371 5.4993834 -0.0096313 0.7516121 -0.1133594 0.6497200
1660221710.486194 1.4166222 0.8606951 5.4962687 -0.0105771 0.7518936 -0.1141583 0.6492395
1660221710.819788 1.4417667 0.8607047 5.4939718 -0.0104378 0.7536461 -0.1140641 0.6472233
1660221712.690330 1.5928483 0.8619804 5.4863167 -0.0093667 0.7562371 -0.1159275 0.6438777
1660221714.363570 1.7235174 0.8611045 5.4626222 -0.0068907 0.7521037 -0.1141701 0.6490437
1660221716.164979 1.8624768 0.8606343 5.4524212 -0.0088472 0.7457851 -0.1138666 0.6563237
1660221717.065666 1.9372811 0.8610873 5.4501963 -0.0098100 0.7438850 -0.1124382 0.6587083
1660221723.945213 2.4703879 0.8700199 5.4378624 -0.0090847 0.7740226 -0.1144158 0.6226680
1660221726.297249 2.6553097 0.8750036 5.4402771 -0.0085371 0.7990807 -0.1191328 0.5892407
1660221726.565561 2.6757588 0.8739468 5.4393148 -0.0082057 0.8038870 -0.1201676 0.5824588
1660221726.799074 2.6915598 0.8748348 5.4385586 -0.0083271 0.8038527 -0.1204191 0.5824524
1660221730.505379 2.9697132 0.8773318 5.4250760 -0.0088046 0.8315911 -0.1253504 0.5409862
1660221734.510460 3.2179146 0.8799004 5.4100838 -0.0100845 0.8820595 -0.1328484 0.4519078
1660221734.778779 3.2347727 0.8793202 5.4083056 -0.0107980 0.8844505 -0.1327558 0.4472210
1660221735.179096 3.2617569 0.8770052 5.4032249 -0.0109947 0.8864570 -0.1320058 0.4434496
1660221742.874871 3.8147583 0.8743064 5.3135018 -0.0177475 0.8896840 -0.1367447 0.4352567
1660221745.683331 3.9993176 0.8716549 5.2480526 -0.0171959 0.9228352 -0.1421432 0.3575960
1660221751.929518 4.3331661 0.8424717 5.0045557 -0.0156572 0.9770188 -0.1506018 0.1500278
1660221763.035706 4.5453959 0.7417169 4.3235617 0.0148526 -0.9874910 0.1529002 0.0355324
1660221768.633348 4.5384116 0.6786861 3.9009504 0.0135681 -0.9882308 0.1513005 0.0180003
1660221769.234288 4.5360017 0.6727510 3.8614841 0.0132225 -0.9878498 0.1519662 0.0297353
1660221774.240668 4.5081716 0.6129274 3.4715497 0.0082816 -0.9882247 0.1521775 0.0136177
1660221776.589323 4.5176134 0.5857517 3.2981851 0.0089053 -0.9882052 0.1524772 0.0110444
1660221777.261324 4.5207753 0.5793930 3.2460284 0.0100861 -0.9883712 0.1517147 0.0018192
1660221778.336507 4.5208125 0.5670518 3.1723742 0.0103277 -0.9877266 0.1541911 0.0226856
1660221780.654914 4.5239058 0.5401199 3.0056870 0.0105220 -0.9868274 0.1570602 0.0373230
1660221784.750664 4.5098491 0.4982651 2.7394207 0.0119615 -0.9874328 0.1529447 0.0379642
1660221785.254650 4.5090127 0.4917140 2.7017965 0.0125787 -0.9871652 0.1533986 0.0426111
1660221786.565036 4.5046263 0.4776710 2.6108549 0.0152455 -0.9863273 0.1559007 0.0511968
1660221786.867432 4.5043678 0.4735448 2.5863900 0.0135196 -0.9866939 0.1556576 0.0449791
1660221789.420968 4.4912548 0.4460729 2.4114499 0.0140262 -0.9830966 0.1532067 0.0992574
1660221789.958568 4.4857726 0.4396798 2.3737681 0.0151516 -0.9838005 0.1537788 0.0908792
1660221804.525307 4.3620830 0.3478170 1.7893910 -0.0183232 0.9871178 -0.1565671 0.0273771
1660221809.128929 4.3299456 0.3254666 1.6520309 0.0155962 -0.9859990 0.1567818 0.0546094
1660221809.562621 4.3234873 0.3219399 1.6304395 0.0149412 -0.9862660 0.1562147 0.0515078
1660221813.435168 4.2730184 0.2800418 1.3675144 0.0152281 -0.9872165 0.1557934 0.0300039
1660221814.807615 4.2551355 0.2628276 1.2655865 0.0155131 -0.9874027 0.1531039 0.0368034
1660221820.915002 4.1916704 0.1857793 0.7760595 0.0150962 -0.9875945 0.1539052 0.0272487
1660221821.315032 4.1882520 0.1816402 0.7400312 0.0157023 -0.9878201 0.1531621 0.0224978
1660221828.525408 4.1463413 0.0851229 0.1138519 0.0205874 -0.9881257 0.1521784 0.0050388
1660221838.754381 4.0627208 -0.0508152 -0.7467891 -0.0197739 0.9885899 -0.1489670 0.0103899
1660221844.386637 4.0142488 -0.1234619 -1.2347257 -0.0197053 0.9881186 -0.1520796 0.0102589
1660221846.701629 4.0010204 -0.1577660 -1.4480807 0.0219873 -0.9878474 0.1536680 0.0077641
1660221850.800904 3.9616122 -0.2156553 -1.8218377 0.0199834 -0.9878668 0.1504477 0.0329462
1660221851.233847 3.9536481 -0.2208858 -1.8576046 0.0178629 -0.9878545 0.1501266 0.0358671
1660221852.136955 3.9443045 -0.2336732 -1.9391093 0.0210818 -0.9880332 0.1514949 0.0198833
1660221853.919008 3.9319434 -0.2579842 -2.0946751 0.0208777 -0.9877460 0.1539590 0.0147832
1660221855.373416 3.9165483 -0.2752064 -2.2054150 0.0183900 -0.9881265 0.1520753 0.0118702
1660221858.894371 3.8859689 -0.3229796 -2.5062997 -0.0191280 0.9883484 -0.1503051 0.0144901
1660221865.228665 3.8347394 -0.4060418 -3.0417845 -0.0201428 0.9874769 -0.1498820 0.0449330
1660221882.418055 3.7780867 -0.5350740 -3.8806915 -0.0154082 0.9861777 -0.1506704 0.0671902
1660221884.228746 3.7748146 -0.5356547 -3.8818121 -0.0176220 0.9882194 -0.1516068 0.0112836
1660221891.287746 3.7895951 -1.3913749 -4.2860823 0.0034505 -0.9687983 -0.2465982 0.0246447
1660221901.328889 3.5825577 -0.9109378 -4.4857168 0.0487831 -0.9915472 -0.0655768 0.1007672
1660221902.796585 3.5848594 -0.9131050 -4.5118561 0.0652083 -0.9852808 -0.0795339 0.1365436
1660221902.996723 3.5851068 -0.9135392 -4.5142069 0.0673914 -0.9835564 -0.0816094 0.1463392
1660221904.631189 3.5867124 -0.9158080 -4.5492516 0.0861074 -0.9683735 -0.0926111 0.2150851
1660221906.198948 3.7887020 -0.6943499 -4.8777800 0.0090836 -0.8779534 0.1410828 0.4573961
1660221907.132927 3.7637606 -0.6989336 -4.8856587 0.0115078 -0.8668250 0.1345268 0.4799839
1660221907.166283 3.7613664 -0.6972166 -4.8870335 0.0121823 -0.8663906 0.1340772 0.4808765
1660221912.022204 3.5754833 -0.7376555 -4.9558392 0.0219992 -0.7223421 0.0902859 0.6852638
1660221913.297426 3.4531507 -0.6998189 -4.8498416 0.0151016 -0.7137527 0.1087094 0.6917451
1660221914.032712 3.4109688 -0.7004685 -4.8589163 0.0141267 -0.6989119 0.1077072 0.7069101
1660221915.175002 3.3399444 -0.7021008 -4.8655043 0.0130311 -0.6740659 0.1034554 0.7312744
1660221960.033396 -0.0792072 -0.7343332 -4.7047801 0.0114834 -0.4425735 0.0671370 0.8941418
1660221968.175503 -0.2749117 -0.7016904 -4.4461269 0.0036735 -0.0810070 0.0080104 0.9966746
1660221971.714702 -0.3169875 -0.6691416 -4.2211714 0.0034695 0.0071996 -0.0053099 0.9999540
1660221972.785705 -0.3175627 -0.6587675 -4.1485410 0.0028965 0.0226120 -0.0078418 0.9997094
1660221980.292417 -0.2763424 -0.5733945 -3.6009603 0.0015366 0.0007737 -0.0013817 0.9999976
1660221983.180529 -0.2679330 -0.5395053 -3.3769748 0.0043016 -0.0139122 0.0012233 0.9998932
1660221984.456066 -0.2661677 -0.5233250 -3.2694702 0.0027839 -0.0269182 0.0027443 0.9996300
1660221985.362431 -0.2640351 -0.5129426 -3.1980121 0.0033723 -0.0211815 0.0020337 0.9997679
1660221987.943867 -0.2529549 -0.4816082 -2.9920864 0.0006481 -0.0121203 0.0017086 0.9999249
1660221988.413836 -0.2482601 -0.4755498 -2.9541502 0.0015120 -0.0080561 0.0016264 0.9999651
1660221989.183491 -0.2445362 -0.4641149 -2.8843086 0.0031910 -0.0243174 0.0049450 0.9996870
1660221990.316629 -0.2394629 -0.4495336 -2.7881522 0.0009693 -0.0201751 0.0030362 0.9997914
1660221995.399640 -0.2252466 -0.3864237 -2.3617940 0.0036504 -0.0318757 0.0080534 0.9994527
1660221996.073775 -0.2271146 -0.3784781 -2.3041649 0.0009270 -0.0228665 0.0062139 0.9997188
1660221996.375325 -0.2269924 -0.3741154 -2.2791035 0.0012692 -0.0229129 0.0061505 0.9997178
1660221997.011725 -0.2293630 -0.3663725 -2.2277467 0.0021940 -0.0349474 0.0073549 0.9993597
1660221997.928574 -0.2261729 -0.3568496 -2.1645973 0.0038040 -0.0211157 0.0052061 0.9997563
1660222000.814833 -0.2163100 -0.3233756 -1.9426820 0.0004112 -0.0132834 0.0044315 0.9999019
1660222001.352245 -0.2129152 -0.3162976 -1.9002134 -0.0010520 -0.0092700 0.0040738 0.9999482
1660222001.949471 -0.2176446 -0.3070884 -1.8427669 -0.0020561 -0.0284087 0.0083857 0.9995591
1660222006.522335 -0.2110393 -0.2697362 -1.6115966 -0.0026974 -0.0187524 0.0047728 0.9998091
1660222009.126604 -0.2086241 -0.2672627 -1.5868394 0.0017956 -0.0169455 0.0011840 0.9998541
1660222009.827735 -0.2056293 -0.2649637 -1.5732760 0.0036683 -0.0088646 0.0025469 0.9999508
1660222010.898580 -0.2067788 -0.2627382 -1.5564708 0.0084637 -0.0028936 0.0046296 0.9999493
1660222015.560054 0.2817482 -0.1482316 -1.5274069 0.0041263 0.0151161 -0.0149915 0.9997649
1660222015.930687 0.2824426 -0.1438726 -1.5057734 0.0064124 0.0292070 -0.0171554 0.9994056
1660222016.301505 0.2840281 -0.1412463 -1.4854149 0.0075774 0.0345272 -0.0167263 0.9992350
1660222016.672444 0.2834437 -0.1389147 -1.4645171 0.0077236 0.0397405 -0.0166635 0.9990413
1660222017.077317 0.2830346 -0.1350428 -1.4440366 0.0079299 0.0428018 -0.0175624 0.9988977
1660222017.515757 0.2827929 -0.1323142 -1.4178907 0.0077966 0.0420331 -0.0170311 0.9989406
1660222017.884927 0.2830265 -0.1287291 -1.3924092 0.0073601 0.0403250 -0.0167667 0.9990188
1660222018.254059 0.2794370 -0.1250374 -1.3663406 0.0065116 0.0332329 -0.0166138 0.9992884
1660222018.690355 0.2757927 -0.1197185 -1.3358310 0.0061107 0.0225502 -0.0142764 0.9996251
1660222019.059523 0.2723651 -0.1165424 -1.3071237 0.0053639 0.0142582 -0.0132732 0.9997959
1660222020.840194 0.2731615 -0.1006758 -1.2015777 0.0068009 0.0227634 -0.0170903 0.9995717
1660222021.144298 0.2753950 -0.0995372 -1.1837549 0.0070280 0.0230774 -0.0170879 0.9995629
1660222021.482407 0.2747428 -0.0974790 -1.1622294 0.0069199 0.0319166 -0.0182055 0.9993008
1660222022.356125 0.2563611 -0.0887414 -1.1088626 0.0083577 0.0365934 -0.0182228 0.9991291
1660222022.725702 0.2802895 -0.0872728 -1.0834254 0.0083856 0.0224893 -0.0196706 0.9995184
1660222023.866827 -0.1849346 -0.1440483 -0.7672359 0.0006108 0.0625638 -0.0131521 0.9979541
1660222025.034324 -0.1893428 -0.1303638 -0.6696844 0.0037187 0.0240929 -0.0066439 0.9996808
1660222025.401254 -0.1858428 -0.1267868 -0.6448761 0.0053676 0.0336076 -0.0085300 0.9993843
1660222025.768187 -0.1831826 -0.1230244 -0.6163157 0.0054742 0.0344874 -0.0084031 0.9993548
1660222026.201836 -0.1808826 -0.1173185 -0.5771624 0.0051364 0.0311231 -0.0077373 0.9994724
1660222026.570209 -0.1794655 -0.1124913 -0.5471042 0.0049812 0.0345628 -0.0083422 0.9993553
1660222026.906182 -0.1767281 -0.1080875 -0.5201181 0.0051233 0.0353668 -0.0077905 0.9993309
1660222028.283666 -0.1603379 -0.0946181 -0.4223870 0.0036297 0.0374587 -0.0093521 0.9992478
1660222028.584121 -0.1558085 -0.0920956 -0.4021695 0.0025225 0.0434491 -0.0104583 0.9989977
1660222028.850981 -0.1513709 -0.0889571 -0.3825104 0.0030082 0.0495686 -0.0125592 0.9986873
1660222029.184556 -0.1466628 -0.0853692 -0.3573917 0.0036678 0.0480290 -0.0112949 0.9987754
1660222029.451416 -0.1440753 -0.0821138 -0.3370356 0.0038676 0.0431305 -0.0106569 0.9990051
1660222030.051848 -0.1412923 -0.0756647 -0.2923376 0.0036900 0.0304395 -0.0085913 0.9994929
1660222030.385421 -0.1410949 -0.0720148 -0.2641421 0.0039149 0.0251938 -0.0073392 0.9996480
1660222030.954661 -0.1398785 -0.0656164 -0.2192270 0.0035276 0.0213419 -0.0080021 0.9997340
1660222031.324236 -0.1388325 -0.0611071 -0.1906566 0.0040675 0.0206634 -0.0072415 0.9997520
1660222031.959480 -0.1353840 -0.0536751 -0.1382085 0.0043731 0.0227644 -0.0061631 0.9997123
1660222033.460588 -0.1183142 -0.0360075 -0.0229949 0.0020913 0.0327988 -0.0061384 0.9994410
1660222035.509591 -0.1173041 -0.0088041 0.1463729 -0.0021880 0.0071862 -0.0065038 0.9999506
1660222035.845562 -0.1150665 -0.0065720 0.1704832 -0.0026523 0.0141009 -0.0086688 0.9998595
1660222036.181531 -0.1109844 -0.0017441 0.1947745 -0.0011916 0.0210530 -0.0083678 0.9997426
1660222036.815555 -0.0990453 0.0045726 0.2379342 -0.0009795 0.0312638 -0.0115828 0.9994436
1660222039.331793 -0.0806818 0.0296582 0.4535233 -0.0046261 0.0393291 -0.0076496 0.9991863
1660222041.766913 -0.0535510 0.0582037 0.6330841 -0.0039564 0.0334498 -0.0044948 0.9994224
1660222042.835821 -0.0449075 0.0724369 0.7166840 -0.0004925 0.0331050 -0.0031364 0.9994469
1660222043.877321 -0.0405081 0.0849181 0.7956984 -0.0012844 0.0249694 -0.0029916 0.9996829
1660222044.911622 -0.0482000 0.0972660 0.8783223 -0.0012333 0.0106396 -0.0034292 0.9999368
1660222045.878994 -0.0369609 0.1075453 0.9386718 -0.0010148 0.0416406 -0.0080639 0.9990996
1660222046.746301 -0.0251781 0.1165677 1.0045792 -0.0002904 0.0453781 -0.0084498 0.9989341
1660222047.780402 -0.0157826 0.1301795 1.0912485 -0.0015007 0.0486528 -0.0081009 0.9987818
1660222049.881919 0.0007312 0.1550166 1.2515532 -0.0027286 0.0811680 -0.0163531 0.9965625
1660222054.522936 0.0557557 0.2151393 1.6217315 -0.0049558 0.0766565 -0.0135863 0.9969527
1660222055.623770 0.0671677 0.2285338 1.7074972 -0.0045592 0.0743045 -0.0136947 0.9971312
1660222059.606324 0.1192283 0.2773114 2.0096402 -0.0033119 0.0504440 -0.0081187 0.9986884
1660222060.849478 0.1317899 0.2941867 2.1132884 -0.0018808 0.0216009 -0.0015838 0.9997637
1660222063.096215 0.1342280 0.3223482 2.2987828 -0.0003257 0.0192937 -0.0039029 0.9998062
1660222065.237348 0.1537570 0.3466567 2.4584222 -0.0008362 0.0231584 -0.0044296 0.9997216
1660222068.444959 0.1686821 0.3899532 2.7284875 -0.0035593 0.0118959 -0.0036964 0.9999161
1660222069.645871 0.1896571 0.4061712 2.8271644 -0.0042457 0.0397847 -0.0073504 0.9991723
1660222070.713349 0.2125930 0.4207568 2.9152064 -0.0042035 0.0346694 -0.0047814 0.9993786
1660222073.054663 0.2431220 0.4504718 3.1019795 -0.0008786 0.0313400 -0.0040299 0.9995003
1660222074.122089 0.2544984 0.4629083 3.1801941 -0.0024140 0.0389763 -0.0044198 0.9992275
1660222076.390405 0.2837902 0.4939666 3.3679376 -0.0029885 0.0376346 -0.0025715 0.9992838
1660222077.591271 0.3043086 0.5093011 3.4632745 -0.0031611 0.0226052 -0.0006556 0.9997393
1660222078.726378 0.3135974 0.5241458 3.5600152 -0.0011226 0.0326003 -0.0011933 0.9994671
1660222079.801500 0.3283547 0.5388401 3.6483772 -0.0030118 0.0397593 -0.0008880 0.9992044
1660222080.910217 0.3365147 0.5552577 3.7474520 -0.0038483 0.0221583 0.0020546 0.9997450
1660222082.077990 0.3347728 0.5715563 3.8532107 -0.0028082 0.0237024 0.0020406 0.9997131
1660222083.215003 0.3479381 0.5869724 3.9482155 -0.0037211 0.0343138 -0.0002520 0.9994042
1660222085.419000 0.3730217 0.6144185 4.1161714 -0.0041422 0.0242051 0.0031075 0.9996936
1660222086.419748 0.3896202 0.6294271 4.2025304 -0.0053125 0.0318920 0.0032124 0.9994720
1660222087.387127 0.4025665 0.6441943 4.2900791 -0.0051535 0.0152745 0.0068085 0.9998469
1660222089.088426 0.4189509 0.6708516 4.4516973 -0.0010223 0.0090471 0.0085907 0.9999217
1660222089.788959 0.4194368 0.6796516 4.5185266 -0.0003309 0.0043062 0.0074497 0.9999629
1660222101.139973 0.4667772 0.7995669 5.2709351 -0.0114958 0.3238721 -0.0443940 0.9449888
1660222107.564918 0.6788139 0.8358182 5.4094229 -0.0061880 0.5856758 -0.0854529 0.8060046
1660222107.898504 0.6956532 0.8390696 5.4222670 -0.0055905 0.5851743 -0.0850526 0.8064154
1660222108.932623 0.7341280 0.8426010 5.4579601 -0.0078669 0.6259179 -0.0915070 0.7744620
1660222109.633151 0.7681961 0.8458811 5.4827642 -0.0107602 0.6487612 -0.0943917 0.7550387
1660222109.966735 0.7846379 0.8476534 5.4897623 -0.0107683 0.6688033 -0.0976279 0.7369227
1660222110.834054 0.8380547 0.8546730 5.5105543 -0.0093928 0.6903111 -0.1008787 0.7163839
1660222111.234355 0.8619123 0.8565755 5.5199986 -0.0093538 0.6918623 -0.1017449 0.7147636
1660222112.272490 0.9182854 0.8594681 5.5329885 -0.0091220 0.7145537 -0.1091782 0.6909487
1660222112.810874 0.9524460 0.8609787 5.5347366 -0.0076357 0.7210950 -0.1098337 0.6840324
1660222114.229990 1.0658274 0.8592786 5.5350633 -0.0102098 0.7220192 -0.1093834 0.6830955
1660222130.944717 2.3550429 0.8638599 5.4149370 -0.0134599 0.7689182 -0.1127276 0.6291869
1660222132.809952 2.5196133 0.8661978 5.3976841 -0.0104106 0.7440802 -0.1091262 0.6590354
1660222135.533994 2.7553320 0.8674050 5.3954611 -0.0116248 0.7481481 -0.1132350 0.6536950
1660222136.900866 2.8650684 0.8699231 5.3918457 -0.0121108 0.7624090 -0.1152092 0.6366416
1660222144.657310 3.3725123 0.8812180 5.3971000 -0.0165251 0.8999339 -0.1372024 0.4135474
1660222148.212856 3.5798144 0.8724585 5.3230472 -0.0171704 0.9260172 -0.1428334 0.3489927
1660222150.083457 3.7078528 0.8730346 5.3147016 -0.0192167 0.9220936 -0.1398736 0.3602909
1660222150.518517 3.7374191 0.8738677 5.3133497 -0.0206011 0.9212332 -0.1408850 0.3620171
1660222156.328251 4.1142774 0.8568708 5.1420894 -0.0191413 0.9234629 -0.1396836 0.3568450
1660222156.830548 4.1454782 0.8550598 5.1165862 -0.0195916 0.9255038 -0.1396536 0.3515050
1660222159.482893 4.3203559 0.8382747 4.9934683 -0.0207592 0.9530128 -0.1450361 0.2651419
1660222160.354502 4.3740292 0.8333057 4.9459801 -0.0176021 0.9536070 -0.1455170 0.2629615
1660222167.075965 4.5366645 0.7684478 4.5065560 0.0189619 -0.9880993 0.1526217 0.0026212
1660222168.042234 4.5330377 0.7568892 4.4268117 0.0166839 -0.9884155 0.1508018 0.0039030
1660222173.977416 4.5179977 0.6818215 3.9269032 0.0160132 -0.9885830 0.1493192 0.0122880
1660222174.711248 4.5197744 0.6717293 3.8596640 0.0168221 -0.9885561 0.1496628 0.0086529
1660222178.694612 4.4975805 0.6246281 3.5475900 -0.0119329 0.9884762 -0.1506844 0.0081706
1660222179.528525 4.4907546 0.6146162 3.4817178 -0.0117228 0.9885254 -0.1505835 0.0021647
1660222184.653240 4.4825373 0.5497728 3.0699596 -0.0123210 0.9879158 -0.1544434 0.0042330
1660222186.421163 4.4776273 0.5304863 2.9506669 0.0112111 -0.9878268 0.1546092 0.0129788
1660222188.231366 4.4761024 0.5086809 2.8082573 0.0140252 -0.9881459 0.1523533 0.0126291
1660222189.205914 4.4750042 0.4943451 2.7218161 0.0141131 -0.9881514 0.1519906 0.0160200
1660222190.885841 4.4831748 0.4731578 2.5899673 0.0160336 -0.9875047 0.1545866 0.0260843
1660222191.994599 4.4823294 0.4598281 2.5011673 0.0162668 -0.9875649 0.1512080 0.0398390
1660222193.775292 4.4723930 0.4376332 2.3604331 0.0173781 -0.9871283 0.1527818 0.0439718
1660222194.749653 4.4588547 0.4249434 2.2855349 0.0165315 -0.9859243 0.1529925 0.0653710
1660222195.753059 4.4399486 0.4113619 2.2036757 0.0169184 -0.9855908 0.1543074 0.0671850
1660222196.753815 4.4211302 0.3998471 2.1347418 0.0160130 -0.9845905 0.1568204 0.0757127
1660222197.758176 4.4196434 0.3895690 2.0791991 0.0170162 -0.9861793 0.1568885 0.0504661
1660222198.698926 4.4174328 0.3853817 2.0544796 0.0195787 -0.9860169 0.1572834 0.0514717
1660222204.938562 4.3877206 0.3672161 1.9374514 0.0188301 -0.9921551 0.1212113 0.0241131
1660222209.400425 4.3397770 0.3442516 1.7708549 -0.0194055 0.9875342 -0.1546593 0.0219139
1660222210.434529 4.3390942 0.3359891 1.7123135 -0.0176558 0.9852790 -0.1556881 0.0683731
1660222216.692710 4.2792730 0.2617388 1.2528439 -0.0180374 0.9874640 -0.1504552 0.0441913
1660222217.734259 4.2657146 0.2490546 1.1665416 -0.0158253 0.9870133 -0.1513510 0.0514509
1660222218.675014 4.2483044 0.2363610 1.0898278 -0.0172526 0.9874043 -0.1527568 0.0374213
1660222219.612164 4.2426238 0.2236625 1.0080427 -0.0172423 0.9864817 -0.1518315 0.0591918
1660222223.992668 4.2141843 0.1675735 0.6566707 -0.0182032 0.9876840 -0.1496700 0.0418090
1660222227.408627 4.1860795 0.1259208 0.3846976 -0.0211415 0.9884404 -0.1476000 0.0274393
1660222228.542797 4.1827207 0.1125376 0.2963189 -0.0227997 0.9882845 -0.1450341 0.0417015
1660222234.280490 4.1206985 0.0499456 -0.1036577 0.0203100 -0.9876291 0.1553902 0.0054953
1660222236.359787 4.1019244 0.0258507 -0.2530217 -0.0188868 0.9880341 -0.1525524 0.0126362
1660222237.401355 4.0876265 0.0120950 -0.3326436 -0.0193614 0.9877425 -0.1534103 0.0213320
1660222238.442928 4.0722361 -0.0012715 -0.4201502 -0.0190395 0.9876407 -0.1511181 0.0369689
1660222240.492424 4.0416851 -0.0267962 -0.5901433 -0.0197377 0.9880506 -0.1500028 0.0294222
1660222241.466796 4.0300550 -0.0402877 -0.6735640 -0.0180527 0.9883609 -0.1497706 0.0196365
1660222242.541470 4.0203681 -0.0541565 -0.7679925 -0.0195236 0.9872980 -0.1501203 0.0482221
1660222253.783909 3.9235895 -0.2135705 -1.7975142 -0.0207800 0.9883110 -0.1489252 0.0251170
1660222254.724653 3.9142866 -0.2248128 -1.8778706 -0.0198459 0.9881765 -0.1492954 0.0287089
1660222255.698028 3.9131916 -0.2401356 -1.9725904 -0.0200311 0.9869273 -0.1530939 0.0462112
1660222257.399290 3.9054193 -0.2655191 -2.1362448 -0.0201172 0.9873677 -0.1529505 0.0361459
1660222258.233247 3.8948801 -0.2761570 -2.2054696 -0.0195135 0.9881024 -0.1521877 0.0105775
1660222259.100580 3.8877318 -0.2879480 -2.2834380 -0.0196296 0.9881691 -0.1514482 0.0141448
1660222264.738208 3.8571301 -0.3738474 -2.8317282 0.0210244 -0.9882292 0.1507587 0.0152611
1660222266.839824 3.8405268 -0.4071270 -3.0459571 -0.0194957 0.9882655 -0.1514665 0.0030100
1660222271.267473 3.8168344 -0.4750856 -3.4888496 0.0212107 -0.9879907 0.1519866 0.0180145
1660222271.804956 3.8176694 -0.4830614 -3.5403991 0.0223125 -0.9878050 0.1517088 0.0269797
1660222272.341246 3.8165050 -0.4901301 -3.5889573 0.0224607 -0.9867791 0.1516794 0.0524965
1660222273.421447 3.8105469 -0.5046051 -3.6866689 0.0213626 -0.9863010 0.1538433 0.0555548
1660222274.465094 3.8048782 -0.5192679 -3.7752347 0.0192955 -0.9854975 0.1506406 0.0756946
1660222274.967182 3.8054972 -0.5258091 -3.8222482 0.0201213 -0.9856300 0.1503787 0.0742631
1660222275.435650 3.8090730 -0.5312914 -3.8608344 0.0196435 -0.9839086 0.1504864 0.0942971
1660222279.147488 3.8253932 -0.5756949 -4.1699467 0.0167545 -0.9840205 0.1509777 0.0928907
1660222280.974422 3.8849945 -0.5570400 -4.3283558 0.0090274 -0.9726081 0.1701362 0.1581318
1660222281.273382 3.8674459 -0.5741803 -4.3395982 0.0130473 -0.9744267 0.1642537 0.1527849
1660222281.572254 3.8577104 -0.5789121 -4.3628054 0.0124637 -0.9726682 0.1641227 0.1637831
1660222284.531861 3.8249431 -0.6342888 -4.5469675 0.0117462 -0.9553328 0.1494221 0.2547045
1660222284.731133 3.8282075 -0.6458772 -4.5584722 0.0137610 -0.9553104 0.1439942 0.2577953
1660222286.100375 3.7980785 -0.6382334 -4.5948644 0.0209677 -0.9441227 0.1439448 0.2957577
1660222288.753777 3.7801909 -0.6680282 -4.6684427 0.0183975 -0.9042974 0.1311386 0.4058453
1660222289.763989 3.7579346 -0.6705258 -4.6843243 0.0171133 -0.8867551 0.1281280 0.4437970
1660222290.976322 3.7273450 -0.6729988 -4.7107029 0.0181107 -0.8654189 0.1249666 0.4848768
1660222291.379165 3.7126012 -0.6761474 -4.7268901 0.0169215 -0.8591542 0.1253909 0.4958274
1660222292.321920 3.6800065 -0.6846472 -4.7616181 0.0169578 -0.8447260 0.1210307 0.5210586
1660222297.688463 3.4007442 -0.6986853 -4.8535862 0.0128687 -0.7114087 0.1043161 0.6948743
1660222299.166815 3.3048933 -0.7025628 -4.8628063 0.0138157 -0.7055430 0.1027747 0.7010390
1660222300.678746 3.2034845 -0.7060930 -4.8746023 0.0144459 -0.7079015 0.1038411 0.6984869
1660222323.069942 1.3563352 -0.7177526 -4.7457952 0.0123257 -0.6732345 0.1009205 0.7324060
1660222328.473729 0.9332123 -0.7196492 -4.7052531 0.0131389 -0.6814426 0.1031837 0.7244422
1660222354.536829 -0.3072809 -0.6409267 -4.0379915 -0.0015667 0.0021578 -0.0053961 0.9999819
1660222356.238137 -0.2931901 -0.6183041 -3.8963537 -0.0009155 0.0137875 -0.0051336 0.9998914
1660222358.445776 -0.2817935 -0.5904447 -3.7182467 0.0029898 -0.0144669 -0.0005235 0.9998907
1660222360.327291 -0.2754913 -0.5689970 -3.5768695 -0.0009063 0.0051705 -0.0050757 0.9999734
1660222367.269793 -0.2623310 -0.4945487 -3.0788593 -0.0006886 -0.0034647 -0.0022438 0.9999913
1660222369.538026 -0.2459886 -0.4697683 -2.9169412 0.0006415 -0.0060826 -0.0007409 0.9999810
1660222370.205167 -0.2399359 -0.4620273 -2.8670218 -0.0011585 0.0074318 -0.0028025 0.9999678
1660222372.373366 -0.2309895 -0.4310550 -2.6592066 0.0030620 -0.0053718 -0.0011931 0.9999802
1660222373.640933 -0.2257264 -0.4160031 -2.5550027 0.0013888 -0.0136190 0.0005820 0.9999061
1660222374.374788 -0.2153360 -0.4073151 -2.4981906 0.0010128 -0.0046109 0.0000847 0.9999889
1660222375.108635 -0.2130133 -0.3963208 -2.4326928 0.0016231 -0.0163009 0.0025194 0.9998627
1660222376.178432 -0.2092632 -0.3832593 -2.3441556 0.0006025 -0.0228591 0.0049895 0.9997261
1660222376.682376 -0.2099835 -0.3763960 -2.2961307 0.0002462 -0.0270952 0.0048415 0.9996212
1660222377.152817 -0.2098401 -0.3701851 -2.2528706 -0.0000362 -0.0222787 0.0031310 0.9997469
1660222377.724181 -0.2118090 -0.3615339 -2.1980352 0.0012785 -0.0289017 0.0054382 0.9995667
1660222378.597811 -0.2136500 -0.3502336 -2.1214375 0.0011734 -0.0243163 0.0029309 0.9996994
1660222378.967399 -0.2114213 -0.3457031 -2.0883698 0.0002643 -0.0131536 0.0013092 0.9999126
1660222379.806880 -0.2044525 -0.3342342 -2.0177779 -0.0010687 -0.0163949 0.0028694 0.9998609
1660222380.207181 -0.2018048 -0.3288682 -1.9841512 -0.0011930 -0.0190021 0.0042982 0.9998095
1660222381.080257 -0.1918052 -0.3183331 -1.9145445 -0.0028635 0.0068500 -0.0003381 0.9999724
1660222381.483438 -0.1880728 -0.3126858 -1.8812748 -0.0040916 0.0106568 -0.0010564 0.9999343
1660222381.886618 -0.1864618 -0.3078976 -1.8505505 -0.0045161 0.0056664 0.0008832 0.9999734
1660222382.289799 -0.1860652 -0.3017482 -1.8163612 -0.0041495 -0.0002632 0.0016169 0.9999900
1660222382.726578 -0.1894706 -0.2959400 -1.7760794 -0.0033113 -0.0042626 0.0010196 0.9999849
1660222383.398555 -0.1942465 -0.2869493 -1.7200738 -0.0023817 -0.0161048 0.0032477 0.9998623
1660222383.868941 -0.1958847 -0.2812247 -1.6850114 -0.0018369 -0.0270958 0.0046858 0.9996202
1660222385.712987 -0.2000506 -0.2713149 -1.6202590 -0.0022346 -0.0644604 0.0107341 0.9978600
1660222388.263139 -0.1991318 -0.2678623 -1.5963756 0.0019696 -0.0629923 0.0109264 0.9979523
1660222390.783078 -0.1910984 -0.2561555 -1.5153779 0.0014750 -0.0502735 0.0097097 0.9986872
1660222391.925417 -0.1874128 -0.2496877 -1.4695172 -0.0039855 -0.0757432 0.0105598 0.9970635
1660222392.261412 -0.1892781 -0.2460668 -1.4509403 -0.0056488 -0.1013450 0.0176260 0.9946792
1660222392.631006 -0.1923644 -0.2435763 -1.4297452 -0.0052999 -0.0993097 0.0147498 0.9949331
1660222397.267658 -0.1883561 -0.2013451 -1.1536983 0.0004460 0.0189960 -0.0080328 0.9997872
1660222397.704446 -0.1909343 -0.1967473 -1.1192440 -0.0002932 0.0106428 -0.0060918 0.9999248
1660222398.074036 -0.1944972 -0.1929020 -1.0923742 -0.0009265 -0.0036221 -0.0044491 0.9999831
1660222398.544424 -0.2005676 -0.1878472 -1.0581546 -0.0018917 -0.0165013 -0.0023186 0.9998594
1660222400.459545 -0.1922289 -0.1695816 -0.9394386 0.0003841 0.0163872 -0.0081316 0.9998326
1660222400.862720 -0.1892405 -0.1654327 -0.9159313 0.0012769 0.0255186 -0.0098778 0.9996248
1660222401.366701 -0.1848983 -0.1621557 -0.8885709 0.0006989 0.0412071 -0.0117996 0.9990807
1660222403.605861 -0.1648622 -0.1379211 -0.7335989 0.0004906 0.0393322 -0.0103838 0.9991722
1660222407.598296 -0.1244010 -0.0978169 -0.4385935 0.0023424 0.0190802 -0.0076027 0.9997863
1660222412.898182 -0.0579494 -0.0445810 -0.0861429 0.0015384 0.0173515 -0.0060402 0.9998301
1660222413.365208 -0.0576109 -0.0408352 -0.0577837 0.0012558 0.0046813 -0.0037636 0.9999812
1660222413.832235 -0.0580506 -0.0369613 -0.0264988 0.0002859 -0.0070265 -0.0027004 0.9999716
1660222414.332618 -0.0542880 -0.0311609 0.0112575 -0.0006669 0.0018450 -0.0039759 0.9999902
1660222416.339408 -0.0671651 -0.0116494 0.1980987 -0.0079390 0.0208052 -0.0064655 0.9997311
1660222417.840537 -0.0450713 0.0074456 0.3101045 -0.0082865 0.0308103 -0.0070028 0.9994664
1660222419.074834 -0.0336818 0.0236429 0.4054010 -0.0073793 0.0386212 -0.0076835 0.9991971
1660222420.278389 -0.0223739 0.0391634 0.5003461 -0.0042993 0.0350810 -0.0051995 0.9993617
1660222421.549639 -0.0057671 0.0568510 0.6015839 -0.0042978 0.0299061 -0.0019829 0.9995415
1660222422.850667 0.0033978 0.0714111 0.7015747 -0.0012821 -0.0080228 0.0019052 0.9999652
1660222424.053039 0.0135025 0.0849226 0.7864773 -0.0019222 -0.0039071 0.0016587 0.9999892
1660222425.229002 0.0236789 0.0975645 0.8705180 -0.0020252 -0.0332261 0.0052915 0.9994318
1660222426.472148 0.0333967 0.1120606 0.9623812 -0.0007738 -0.0183040 0.0024632 0.9998292
1660222427.681688 0.0396799 0.1260790 1.0559394 -0.0009278 -0.0235779 0.0033210 0.9997161
1660222428.958454 0.0391173 0.1404052 1.1526359 -0.0028990 -0.0254273 0.0023980 0.9996696
1660222430.268821 0.0437416 0.1560303 1.2489433 -0.0034479 -0.0153086 0.0001829 0.9998769
1660222431.411169 0.0506978 0.1677205 1.3259882 -0.0026001 -0.0037619 -0.0025175 0.9999864
1660222432.750546 0.0562157 0.1841178 1.4321029 -0.0048047 -0.0141101 -0.0001870 0.9998889
1660222436.137508 0.1005081 0.2262559 1.6876699 -0.0062579 0.0311202 -0.0054926 0.9994810
1660222437.548641 0.1243874 0.2455450 1.8030256 -0.0050968 0.0327387 -0.0043943 0.9994413
1660222439.161389 0.1469893 0.2682529 1.9463017 -0.0056427 0.0109327 0.0006724 0.9999241
1660222440.572544 0.1595118 0.2853292 2.0552979 -0.0030543 0.0097265 -0.0010905 0.9999475
1660222441.849284 0.1728899 0.3030607 2.1667752 -0.0030930 0.0078349 -0.0013732 0.9999636
1660222443.092410 0.1895311 0.3174147 2.2562020 -0.0021976 0.0110952 -0.0015514 0.9999349
1660222444.365807 0.2056521 0.3322952 2.3520951 -0.0033289 0.0294285 -0.0039901 0.9995534
1660222445.676186 0.2193830 0.3462492 2.4451559 -0.0018282 0.0160385 -0.0023573 0.9998670
1660222447.188135 0.2231981 0.3635619 2.5595267 -0.0042361 0.0013078 0.0000708 0.9999902
1660222448.427931 0.2381404 0.3778830 2.6451595 -0.0054413 0.0339800 -0.0053881 0.9993932
1660222450.134326 0.2556632 0.3985963 2.7716906 -0.0049632 0.0239942 -0.0035844 0.9996933
1660222451.672452 0.2725154 0.4182637 2.8945999 -0.0065436 0.0290747 -0.0038823 0.9995483
1660222452.848451 0.2915074 0.4334294 2.9847538 -0.0052444 0.0235296 -0.0015315 0.9997082
1660222456.465341 0.3326373 0.4830235 3.2915254 -0.0043515 0.0061898 0.0014148 0.9999704
1660222459.719425 0.3771303 0.5277566 3.5703528 -0.0044754 0.0159202 0.0037759 0.9998562
1660222462.657749 0.4062656 0.5694590 3.8212326 -0.0049455 0.0149612 0.0050428 0.9998631
1660222463.927239 0.4169753 0.5901986 3.9426491 -0.0031979 -0.0377779 0.0132379 0.9991934
1660222465.367473 0.4235643 0.6098006 4.0747004 -0.0044744 -0.0303029 0.0104406 0.9994762
1660222466.565852 0.4320896 0.6257352 4.1782188 -0.0060184 -0.0258412 0.0093728 0.9996040
1660222467.930638 0.4354667 0.6460893 4.2972026 -0.0057997 -0.0046763 0.0074624 0.9999444
1660222468.998789 0.4440754 0.6619803 4.3876381 -0.0025346 -0.0143478 0.0103763 0.9998400
1660222469.699190 0.4528285 0.6702536 4.4467998 -0.0023127 -0.0229852 0.0098171 0.9996849
1660222470.837429 0.4572796 0.6825935 4.5340209 -0.0023076 -0.0177120 0.0073977 0.9998131
1660222472.511644 0.4578774 0.7038605 4.6587200 -0.0036757 0.0137501 0.0039767 0.9998908
1660222473.316653 0.4567995 0.7131488 4.7130904 -0.0032234 0.0299301 0.0015924 0.9995456
1660222473.988685 0.4526949 0.7219471 4.7572865 -0.0023123 0.0438350 0.0005681 0.9990360
1660222474.760703 0.4443386 0.7271929 4.8139353 -0.0034161 0.0515765 -0.0005617 0.9986631
1660222475.465778 0.4372992 0.7216986 4.8543859 -0.0104729 0.0672056 -0.0018620 0.9976825
1660222476.863299 0.4277526 0.7450206 4.9370637 -0.0061793 0.1318205 -0.0129252 0.9911701
1660222478.159904 0.4255939 0.7594316 5.0196276 -0.0078238 0.1566209 -0.0165774 0.9874887
1660222478.694918 0.4284581 0.7689510 5.0532231 -0.0070477 0.1734587 -0.0196009 0.9846209
1660222479.127910 0.4314776 0.7678367 5.0790954 -0.0105884 0.1843253 -0.0206958 0.9825903
1660222479.992358 0.4373474 0.7790175 5.1233015 -0.0088945 0.2330366 -0.0291150 0.9719913
1660222480.991557 0.4386330 0.7879429 5.1652060 -0.0080290 0.2713016 -0.0354907 0.9618063
1660222481.392416 0.4410537 0.7919575 5.1806388 -0.0077150 0.2960069 -0.0393083 0.9543455
1660222482.491237 0.4571702 0.7964668 5.2098236 -0.0087996 0.3277326 -0.0448387 0.9436648
1660222483.922071 0.4901319 0.8018106 5.2507277 -0.0106162 0.3573886 -0.0487870 0.9326203
1660222484.154994 0.4942213 0.8039700 5.2572722 -0.0095830 0.3642367 -0.0491096 0.9299613
1660222485.020088 0.5200555 0.8044198 5.2753839 -0.0128930 0.3979496 -0.0551465 0.9156576
1660222485.485834 0.5418656 0.8096494 5.2877178 -0.0122776 0.4162033 -0.0585249 0.9073031
1660222486.317614 0.5763664 0.8146182 5.3066654 -0.0116633 0.4566475 -0.0653114 0.8871706
1660222486.851239 0.5975151 0.8177212 5.3208747 -0.0116072 0.4865051 -0.0693982 0.8708398
1660222497.366034 1.3480446 0.8483083 5.4284544 -0.0134256 0.6855920 -0.1026532 0.7205871
1660222498.136512 1.4122670 0.8495827 5.4255466 -0.0138317 0.6932271 -0.1042491 0.7130057
1660222498.635835 1.4568346 0.8504565 5.4236298 -0.0123085 0.6974313 -0.1041511 0.7089363
1660222499.667850 1.5435369 0.8510461 5.4231129 -0.0126882 0.6961942 -0.1057251 0.7099119
1660222500.766419 1.6334751 0.8526300 5.4155278 -0.0116261 0.7023154 -0.1049977 0.7039840
1660222501.303842 1.6836309 0.8520913 5.4115467 -0.0108929 0.6955167 -0.1031087 0.7109898
1660222501.842642 1.7297621 0.8521340 5.4068336 -0.0116449 0.6998355 -0.1055135 0.7063721
1660222502.379954 1.7838242 0.8518267 5.4027214 -0.0110844 0.6945061 -0.1049527 0.7117046
1660222504.060462 1.9392812 0.8538232 5.4001431 -0.0120500 0.7049462 -0.1052174 0.7013095
1660222504.630753 1.9916015 0.8535037 5.3928542 -0.0129835 0.6991134 -0.1032026 0.7074044
1660222505.201714 2.0435293 0.8545235 5.3848424 -0.0121289 0.7021510 -0.1029773 0.7044377
1660222505.805119 2.1015639 0.8537772 5.3796496 -0.0128018 0.7009518 -0.1022489 0.7057251
1660222506.444696 2.1629262 0.8547943 5.3731852 -0.0125346 0.7053942 -0.1022760 0.7012856
1660222506.981128 2.2171099 0.8549362 5.3663454 -0.0121042 0.7018398 -0.1017570 0.7049255
1660222508.456823 2.3739333 0.8551399 5.3504133 -0.0124307 0.6909077 -0.1000299 0.7158813
1660222509.024538 2.4334772 0.8567299 5.3474140 -0.0134228 0.6962525 -0.1011471 0.7105080
1660222510.360587 2.5704262 0.8583580 5.3453093 -0.0113519 0.7007805 -0.1034125 0.7057505
1660222511.028766 2.6299009 0.8606751 5.3454251 -0.0094561 0.7122627 -0.1052362 0.6939148
1660222511.730324 2.7063153 0.8629779 5.3518467 -0.0106926 0.7072886 -0.1056125 0.6989096
1660222512.462581 2.7740526 0.8647189 5.3568287 -0.0111837 0.7272726 -0.1088323 0.6775728
1660222515.256605 3.0260444 0.8726334 5.3813238 -0.0134507 0.7967502 -0.1184842 0.5924270
1660222516.020658 3.0932770 0.8736769 5.3863978 -0.0139078 0.8084623 -0.1187609 0.5762736
1660222516.650635 3.1482878 0.8765884 5.3936477 -0.0144042 0.8247886 -0.1217683 0.5519863
1660222519.484866 3.3634362 0.8761111 5.3818951 -0.0159830 0.8816686 -0.1309426 0.4530553
1660222520.091648 3.4072680 0.8787870 5.3704052 -0.0173763 0.8949623 -0.1352393 0.4247952
1660222520.560535 3.4398918 0.8758798 5.3600092 -0.0177680 0.9034234 -0.1363861 0.4060902
1660222522.036201 3.5483212 0.8737576 5.3351202 -0.0169333 0.9185989 -0.1389709 0.3695626
1660222522.472210 3.5791821 0.8743920 5.3321891 -0.0175266 0.9239339 -0.1402080 0.3555005
1660222523.844382 3.6803122 0.8728134 5.3133316 -0.0223550 0.9418309 -0.1415206 0.3040175
1660222526.379477 3.8808508 0.8751324 5.2936511 -0.0200724 0.9629864 -0.1450708 0.2262938
1660222527.185323 3.9412322 0.8759406 5.2861156 -0.0206853 0.9711994 -0.1468793 0.1864681
1660222527.655679 3.9778838 0.8740046 5.2738714 -0.0204574 0.9716349 -0.1459892 0.1849172
1660222528.126032 4.0115056 0.8736659 5.2627869 -0.0208857 0.9729211 -0.1467673 0.1773352
1660222528.562785 4.0420895 0.8747699 5.2577772 -0.0205603 0.9781660 -0.1486367 0.1437901
1660222529.033130 4.0807776 0.8726987 5.2484274 -0.0194991 0.9809633 -0.1465805 0.1258769
1660222529.906819 4.1564069 0.8706701 5.2195415 -0.0198106 0.9792972 -0.1460697 0.1387383
1660222530.343741 4.1919274 0.8690966 5.2053471 -0.0199938 0.9811715 -0.1460842 0.1247481
1660222530.881313 4.2372060 0.8641064 5.1765213 -0.0193438 0.9813860 -0.1459308 0.1233351
1660222531.548959 4.2782874 0.8614426 5.1435347 -0.0201109 0.9852686 -0.1479873 0.0833135
1660222532.950037 4.3443289 0.8484010 5.0529737 -0.0195984 0.9873288 -0.1470991 0.0562106
1660222533.452592 4.3646894 0.8442996 5.0193801 -0.0204845 0.9883537 -0.1474389 0.0316087
1660222533.922984 4.3821278 0.8399381 4.9846721 -0.0200475 0.9884079 -0.1477198 0.0287533
1660222534.426976 4.4013138 0.8348921 4.9495511 -0.0190662 0.9884133 -0.1502856 0.0094768
1660222535.905371 4.4488244 0.8170410 4.8399076 0.0156390 -0.9878971 0.1534032 0.0167986
1660222536.408175 4.4658046 0.8120431 4.7990437 0.0152507 -0.9877343 0.1516520 0.0339123
1660222537.008626 4.4858513 0.8071966 4.7514734 0.0151947 -0.9879547 0.1509363 0.0305447
1660222537.575724 4.5105500 0.7977858 4.7004652 0.0179397 -0.9879872 0.1508414 0.0283956
1660222538.242911 4.5384521 0.7904287 4.6490288 0.0177585 -0.9865416 0.1530270 0.0547996
1660222538.976812 4.5644603 0.7804186 4.5771451 0.0167109 -0.9867756 0.1525529 0.0521747
1660222540.014064 4.5764437 0.7673823 4.4853029 0.0145637 -0.9867111 0.1503407 0.0598890
1660222541.895609 4.5600104 0.7408756 4.3162727 0.0154016 -0.9884113 0.1501528 0.0161264
1660222542.937162 4.5567031 0.7242749 4.2121577 -0.0132778 0.9887949 -0.1486248 0.0043733
1660222543.808807 4.5570984 0.7121984 4.1284347 -0.0144835 0.9886990 -0.1475668 0.0221035
1660222544.609412 4.5595188 0.7006979 4.0511885 -0.0141925 0.9880990 -0.1489733 0.0355788
1660222545.476718 4.5559239 0.6892743 3.9696407 -0.0149648 0.9885865 -0.1483487 0.0215720
1660222546.382930 4.5540743 0.6760101 3.8799112 -0.0147739 0.9878083 -0.1473350 0.0480498
1660222547.458100 4.5436440 0.6601471 3.7788837 -0.0152249 0.9884249 -0.1499590 0.0172246
1660222548.130083 4.5383344 0.6502036 3.7131450 -0.0144044 0.9886433 -0.1495769 0.0018871
1660222548.900463 4.5311742 0.6374545 3.6363988 0.0132886 -0.9886918 0.1492930 0.0048590
1660222549.601003 4.5254178 0.6279996 3.5716696 0.0119444 -0.9887476 0.1489663 0.0066816
1660222550.541059 4.5217094 0.6157764 3.4850242 -0.0114308 0.9887310 -0.1491841 0.0049415
1660222551.343863 4.5197077 0.6029443 3.4051585 -0.0117633 0.9886422 -0.1498100 0.0023100
1660222552.044403 4.5189810 0.5934541 3.3386052 0.0137136 -0.9884921 0.1506490 0.0003929
1660222552.744932 4.5174742 0.5830553 3.2799702 0.0114742 -0.9888278 0.1481983 0.0111847
1660222553.412094 4.5177169 0.5740949 3.2177541 0.0118741 -0.9887679 0.1489234 0.0043575
1660222554.113600 4.5156713 0.5629493 3.1496215 0.0127975 -0.9884661 0.1505023 0.0109578
1660222554.785594 4.5172620 0.5516400 3.0787368 -0.0120720 0.9881774 -0.1522036 0.0139233
1660222555.457587 4.5167365 0.5425213 3.0204668 0.0124512 -0.9878517 0.1536649 0.0195202
1660222556.062356 4.5144386 0.5339553 2.9667978 0.0117318 -0.9879781 0.1529770 0.0189652
1660222557.540686 4.5278482 0.5147124 2.8405733 0.0138419 -0.9877907 0.1504095 0.0381439
1660222558.447818 4.5249233 0.5020024 2.7671454 0.0144544 -0.9878509 0.1485358 0.0433456
1660222572.907792 4.3801260 0.3700936 1.9361744 0.0066789 -0.9914834 0.1298401 0.0075962
1660222575.551266 4.3535972 0.3573212 1.8471034 -0.0103167 0.9901175 -0.1391787 0.0137891
1660222577.256895 4.3424325 0.3413326 1.7476645 -0.0184723 0.9872117 -0.1546341 0.0340600
1660222582.373321 4.2877960 0.2808545 1.3753700 -0.0195550 0.9880994 -0.1516678 0.0165544
1660222585.986382 4.2641649 0.2354046 1.0836192 -0.0182484 0.9876089 -0.1526700 0.0314281
1660222586.891653 4.2536602 0.2233748 1.0092959 0.0191095 -0.9883219 0.1511488 0.0029504
1660222587.931304 4.2407990 0.2091874 0.9192681 0.0190454 -0.9882552 0.1514179 0.0078510
1660222588.972866 4.2287383 0.1951393 0.8303232 0.0186563 -0.9881620 0.1506086 0.0224717
1660222590.014428 4.2204461 0.1807353 0.7414858 0.0201900 -0.9885142 0.1493036 0.0118527
1660222592.261684 4.2044921 0.1482246 0.5316371 0.0218864 -0.9883101 0.1490355 0.0235078
1660222593.336834 4.1953406 0.1322677 0.4318990 0.0234719 -0.9888300 0.1465401 0.0137946
1660222594.512796 4.1855688 0.1158420 0.3140917 0.0246423 -0.9892008 0.1442718 0.0077632
1660222595.621551 4.1779838 0.1009458 0.2161819 0.0225591 -0.9884701 0.1466011 0.0304311
1660222596.864717 4.1600275 0.0833300 0.0915701 0.0217018 -0.9875201 0.1521555 0.0343770
1660222599.074598 4.1337624 0.0518901 -0.0931380 0.0216743 -0.9857187 0.1533914 0.0660301
1660222600.317797 4.1199856 0.0341820 -0.2031237 0.0196802 -0.9880552 0.1509688 0.0238337
1660222601.532461 4.1018410 0.0186958 -0.2927129 0.0184915 -0.9870690 0.1509847 0.0505632
1660222602.738811 4.0896792 0.0022889 -0.3988548 0.0198486 -0.9877684 0.1505627 0.0353627
1660222604.382414 4.0856786 -0.0203456 -0.5614316 0.0196162 -0.9887764 0.1480246 0.0050266
1660222605.353482 4.0799394 -0.0350793 -0.6499520 -0.0199236 0.9886125 -0.1486606 0.0121790
1660222606.596159 4.0683451 -0.0531442 -0.7599360 0.0208444 -0.9888330 0.1475513 0.0018919
1660222607.637692 4.0582337 -0.0657152 -0.8456390 0.0220847 -0.9886582 0.1473154 0.0191149
1660222608.936888 4.0489864 -0.0832459 -0.9659722 0.0224657 -0.9891706 0.1448411 0.0076147
1660222610.169441 4.0388041 -0.1004322 -1.0797346 0.0240292 -0.9888393 0.1466835 0.0101754
1660222611.368703 4.0282993 -0.1164122 -1.1796361 0.0222229 -0.9886588 0.1478803 0.0138288
1660222612.534657 4.0152345 -0.1333854 -1.2899883 0.0222963 -0.9883601 0.1482685 0.0257622
1660222613.705483 4.0090637 -0.1500891 -1.4067547 0.0234031 -0.9876529 0.1510336 0.0343938
1660222614.904810 4.0022092 -0.1694478 -1.5233049 0.0240586 -0.9869939 0.1505987 0.0508356
1660222616.037469 3.9918656 -0.1850189 -1.6248729 0.0233872 -0.9863588 0.1503515 0.0628007
1660222617.007255 3.9803262 -0.2010982 -1.7124189 0.0220281 -0.9874932 0.1474423 0.0513099
1660222619.904589 3.9443798 -0.2391792 -1.9729487 0.0213748 -0.9864898 0.1517483 0.0579103
1660222622.725939 3.9132390 -0.2803863 -2.2342677 0.0195308 -0.9878201 0.1487889 0.0411307
1660222624.570130 3.8933287 -0.3050815 -2.3928702 0.0204178 -0.9883752 0.1491234 0.0214427
1660222625.401059 3.8885024 -0.3155489 -2.4663355 -0.0202985 0.9881091 -0.1512947 0.0183944
1660222626.233366 3.8867588 -0.3277796 -2.5419953 -0.0200907 0.9885814 -0.1482414 0.0181031
1660222627.105499 3.8781650 -0.3391944 -2.6129289 0.0222049 -0.9887760 0.1476976 0.0037870
1660222627.969369 3.8623877 -0.3515779 -2.6894152 0.0218938 -0.9882861 0.1508801 0.0068208
1660222629.372097 3.8372183 -0.3721088 -2.8151000 0.0213468 -0.9886815 0.1484292 0.0046907
1660222630.342393 3.8292272 -0.3841532 -2.8895724 -0.0220649 0.9889355 -0.1466568 0.0033827
1660222631.044991 3.8244100 -0.3919432 -2.9447865 0.0195647 -0.9884483 0.1482227 0.0248434
1660222631.714264 3.8201318 -0.4001617 -3.0038545 0.0199940 -0.9886079 0.1490014 0.0072921
1660222632.483823 3.8146584 -0.4126440 -3.0761855 0.0223533 -0.9886020 0.1488838 0.0003612
1660222633.186377 3.8105555 -0.4208626 -3.1363130 0.0208922 -0.9885077 0.1496740 0.0036974
1660222633.855584 3.8146236 -0.4306768 -3.2017324 -0.0207571 0.9882633 -0.1496016 0.0228936
1660222634.721627 3.8110917 -0.4400178 -3.2633300 0.0199019 -0.9881610 0.1518809 0.0085922
1660222635.921139 3.8090568 -0.4578489 -3.3744245 -0.0206215 0.9879401 -0.1501442 0.0317171
1660222637.124802 3.8128138 -0.4741215 -3.4796979 -0.0217555 0.9880852 -0.1502616 0.0252135
1660222640.160720 3.7964892 -0.5069874 -3.6968360 0.0190676 -0.9880845 0.1526640 0.0043758
1660222640.698706 3.7934537 -0.5118983 -3.7297852 0.0209598 -0.9882725 0.1512460 0.0016832
1660222642.507031 3.7793918 -0.5300598 -3.8537018 0.0181085 -0.9878759 0.1498191 0.0364348
1660222643.912219 3.7797027 -0.5449842 -3.9520779 0.0187889 -0.9877635 0.1491281 0.0416073
1660222645.285924 3.7874384 -0.5577375 -4.0443144 0.0200943 -0.9871364 0.1483469 0.0561359
1660222645.751763 3.7908311 -0.5618552 -4.0761828 0.0203368 -0.9859150 0.1485370 0.0741276
1660222646.183683 3.7955847 -0.5653208 -4.1066384 0.0208791 -0.9848693 0.1481204 0.0875036
1660222648.488508 3.8345270 -0.5700480 -4.2613297 0.0171174 -0.9676747 0.1550424 0.1981781
1660222648.790175 3.8365464 -0.5706224 -4.2833347 0.0169087 -0.9668962 0.1560708 0.2011660
1660222649.122139 3.8365779 -0.5707067 -4.3088698 0.0171737 -0.9656680 0.1587004 0.2049500
1660222649.453974 3.8362560 -0.5798917 -4.3272038 0.0173843 -0.9658164 0.1563032 0.2060722
1660222650.055357 3.8327160 -0.6048611 -4.3597345 0.0192644 -0.9625739 0.1445697 0.2284296
1660222651.688216 3.8112760 -0.6185648 -4.4711986 0.0188929 -0.9482381 0.1468085 0.2809533
1660222651.920376 3.8067570 -0.6216691 -4.4871969 0.0179185 -0.9452106 0.1466766 0.2911043
1660222652.351441 3.7956820 -0.6281489 -4.5161371 0.0183397 -0.9477063 0.1457197 0.2833411
1660222652.583444 3.7917638 -0.6295322 -4.5372248 0.0174224 -0.9459142 0.1466892 0.2888340
1660222654.414609 3.7416348 -0.6596546 -4.6459284 0.0184169 -0.9236307 0.1337571 0.3587146
1660222654.581363 3.7339411 -0.6651070 -4.6535749 0.0181647 -0.9202620 0.1309983 0.3682762
1660222654.781207 3.7254543 -0.6592890 -4.6553640 0.0197885 -0.9169681 0.1340950 0.3752286
1660222658.046966 3.5569763 -0.6908787 -4.7926464 0.0179767 -0.8194521 0.1181541 0.5605487
1660222663.276861 3.1703928 -0.7050712 -4.8698788 0.0129966 -0.7209321 0.1054302 0.6848156
1660222663.746331 3.1267993 -0.7071286 -4.8741722 0.0134086 -0.7331319 0.1060636 0.6716311
1660222664.151084 3.0855453 -0.7083470 -4.8797226 0.0120391 -0.7369076 0.1074960 0.6672833
1660222664.556105 3.0552859 -0.7096132 -4.8787718 0.0130771 -0.7291762 0.1055305 0.6760136
1660222665.328936 2.9908607 -0.7093308 -4.8757439 0.0119108 -0.7238045 0.1055542 0.6817797
1660222666.980438 2.8639898 -0.7113408 -4.8737736 0.0143953 -0.7331986 0.1077824 0.6712642
1660222668.693991 2.7333746 -0.7137547 -4.8699775 0.0148839 -0.7229150 0.1083218 0.6822307
1660222669.668384 2.6549072 -0.7149529 -4.8695345 0.0144087 -0.7244079 0.1085609 0.6806176
1660222670.642917 2.5702028 -0.7165380 -4.8689575 0.0140644 -0.7342387 0.1100747 0.6697606
1660222671.449292 2.5042367 -0.7183610 -4.8668385 0.0134140 -0.7129045 0.1052431 0.6931891
1660222673.996749 2.2670665 -0.7207533 -4.8583088 0.0132481 -0.7134833 0.1038325 0.6928095
1660222674.830697 2.1923101 -0.7207807 -4.8531971 0.0131217 -0.6988767 0.1030823 0.7076533
1660222675.564571 2.1303742 -0.7204068 -4.8492651 0.0152361 -0.6948602 0.1023655 0.7116590
1660222676.064939 2.0968659 -0.7213534 -4.8435993 0.0141230 -0.6806108 0.0991737 0.7257645
1660222676.999679 2.0203853 -0.7207670 -4.8323545 0.0118237 -0.6827642 0.0981973 0.7239133
1660222679.616969 1.8008502 -0.7220272 -4.8242083 0.0134733 -0.6979530 0.1001666 0.7089759
1660222680.087355 1.7591548 -0.7226260 -4.8226528 0.0131707 -0.7020556 0.1013622 0.7047483
1660222680.524138 1.7195940 -0.7221309 -4.8214097 0.0128441 -0.7057001 0.1035730 0.7007818
1660222681.397699 1.6398318 -0.7236955 -4.8170924 0.0127134 -0.7044323 0.1022139 0.7022576
1660222681.868074 1.5977964 -0.7246977 -4.8156781 0.0107586 -0.7001138 0.0976738 0.7072375
1660222682.338440 1.5569584 -0.7255559 -4.8180690 0.0133512 -0.6899238 0.0996833 0.7168614
1660222682.775207 1.5120058 -0.7226561 -4.8199682 0.0119617 -0.6844090 0.1011126 0.7219540
1660222684.152752 1.3825026 -0.7281742 -4.8221254 0.0117209 -0.6915157 0.1041669 0.7147153
1660222684.623133 1.3362391 -0.7309244 -4.8265862 0.0116755 -0.6980354 0.1044607 0.7083066
1660222685.093519 1.2977352 -0.7310716 -4.8264437 0.0125836 -0.6961325 0.1040659 0.7102193
1660222685.628710 1.2528460 -0.7318651 -4.8220387 0.0130274 -0.6832568 0.1013216 0.7229969
1660222687.341397 1.0920119 -0.7312196 -4.8058586 0.0099503 -0.6647021 0.0994546 0.7403924
1660222688.382972 1.0084209 -0.7322195 -4.7971745 0.0143506 -0.6507808 0.0958789 0.7530509
1660222688.954162 0.9639425 -0.7316116 -4.7897968 0.0123110 -0.6416253 0.0971653 0.7607393
1660222689.458157 0.9186380 -0.7318492 -4.7863650 0.0115390 -0.6440930 0.0969780 0.7586872
1660222689.962150 0.8720214 -0.7328235 -4.7862363 0.0109438 -0.6457502 0.0967679 0.7573129
1660222690.970121 0.7790101 -0.7346225 -4.7821097 0.0102775 -0.6278875 0.0933660 0.7726153
1660222691.406908 0.7364175 -0.7347943 -4.7794724 0.0105229 -0.6240396 0.0914333 0.7759535
1660222693.154057 0.5798423 -0.7353519 -4.7670307 0.0099540 -0.5852801 0.0874818 0.8060367
1660222694.094820 0.5001779 -0.7356958 -4.7628350 0.0096070 -0.5587304 0.0817902 0.8252505
1660222695.539565 0.3897291 -0.7380298 -4.7581468 0.0098863 -0.5273494 0.0774101 0.8460572
1660222695.976352 0.3591207 -0.7382569 -4.7562785 0.0096245 -0.5174390 0.0765101 0.8522385
1660222696.446730 0.3192606 -0.7383481 -4.7546859 0.0090082 -0.5218691 0.0759285 0.8495920
1660222697.318852 0.2521043 -0.7372715 -4.7451606 0.0100258 -0.4826652 0.0687075 0.8730482
1660222697.752513 0.2205962 -0.7367505 -4.7368112 0.0095369 -0.4679739 0.0670137 0.8811462
1660222698.719911 0.1450772 -0.7349856 -4.7157249 0.0091851 -0.4551021 0.0636279 0.8881156
1660222699.987537 0.0624450 -0.7344865 -4.6965647 0.0076733 -0.3993631 0.0541210 0.9151618
1660222700.354486 0.0397791 -0.7356327 -4.6912580 0.0067660 -0.3763834 0.0493784 0.9251224
1660222701.388618 -0.0186746 -0.7340493 -4.6745262 0.0057274 -0.3126757 0.0414491 0.9489379
1660222701.822288 -0.0436693 -0.7335883 -4.6643252 0.0049595 -0.2781590 0.0367073 0.9598206
1660222702.356025 -0.0768085 -0.7239408 -4.6404667 0.0065267 -0.2634032 0.0389831 0.9638758
1660222703.056560 -0.1193878 -0.7234515 -4.6082158 0.0045237 -0.2346872 0.0295618 0.9716108
1660222703.857184 -0.1597093 -0.7182941 -4.5654445 0.0023369 -0.1943840 0.0235503 0.9806400
1660222704.524361 -0.1928844 -0.7106430 -4.5214343 0.0029573 -0.1851759 0.0235643 0.9824184
1660222705.058106 -0.2188634 -0.7078586 -4.4881463 0.0022841 -0.1610699 0.0188694 0.9867600
1660222706.699191 -0.2864658 -0.6928378 -4.3779325 0.0010123 -0.0983008 0.0074580 0.9951283
1660222707.740751 -0.3139025 -0.6800453 -4.2930088 0.0007019 -0.0717586 0.0037590 0.9974147
1660222708.243530 -0.3280206 -0.6738497 -4.2495027 0.0004828 -0.0515529 -0.0010480 0.9986696
1660222708.810626 -0.3334993 -0.6673052 -4.2048764 -0.0012555 -0.0139000 -0.0053975 0.9998881
1660222709.281009 -0.3322627 -0.6624492 -4.1683512 -0.0043706 0.0235811 -0.0111673 0.9996500
1660222709.818591 -0.3268414 -0.6547207 -4.1233530 -0.0012722 0.0323186 -0.0107301 0.9994192
1660222710.389785 -0.3179029 -0.6457522 -4.0672250 -0.0014854 0.0270531 -0.0079514 0.9996012
1660222711.464983 -0.3082476 -0.6274348 -3.9542966 -0.0039347 -0.0055104 -0.0032929 0.9999717
1660222711.968976 -0.3009535 -0.6196872 -3.9033701 -0.0025680 0.0020294 -0.0035750 0.9999883
1660222712.472952 -0.2941703 -0.6096634 -3.8470199 -0.0020817 -0.0070792 -0.0011988 0.9999720
1660222713.044126 -0.2888467 -0.6011200 -3.7856724 -0.0023522 -0.0099968 -0.0004533 0.9999472
1660222713.781375 -0.2764680 -0.5889803 -3.7061779 0.0007363 -0.0017273 -0.0036884 0.9999915
1660222714.448556 -0.2692457 -0.5785303 -3.6353517 0.0000977 -0.0160518 -0.0018007 0.9998695
1660222715.049014 -0.2638069 -0.5687651 -3.5735884 -0.0018781 -0.0194211 -0.0011317 0.9998090
1660222715.582750 -0.2592622 -0.5606438 -3.5177050 -0.0028686 -0.0225522 0.0001691 0.9997416
1660222716.221119 -0.2583006 -0.5507776 -3.4523149 -0.0004835 -0.0402275 0.0034236 0.9991845
1660222716.893088 -0.2581055 -0.5400351 -3.3816602 0.0015259 -0.0383211 0.0026412 0.9992608
1660222717.598676 -0.2634261 -0.5275983 -3.3014674 0.0003063 -0.0518413 0.0054395 0.9986405
1660222718.337849 -0.2680142 -0.5166903 -3.2212884 -0.0003976 -0.0489245 0.0056492 0.9987864
1660222719.312203 -0.2696997 -0.5011524 -3.1166551 -0.0015758 -0.0437005 0.0038107 0.9990362
1660222720.656151 -0.2606502 -0.4812351 -2.9856293 -0.0005421 -0.0204286 0.0006251 0.9997910
1660222723.071496 -0.2386995 -0.4414763 -2.7347634 -0.0000821 -0.0396186 0.0044419 0.9992050
1660222723.777080 -0.2326498 -0.4320163 -2.6638641 0.0019164 -0.0359937 0.0024909 0.9993471
1660222724.482655 -0.2243535 -0.4208289 -2.5929372 0.0031360 -0.0426854 0.0045552 0.9990733
1660222725.356222 -0.2112104 -0.4070915 -2.5011590 0.0008793 -0.0438360 0.0056094 0.9990226
1660222729.675171 -0.2210448 -0.3419392 -2.0634880 -0.0008832 -0.0403214 0.0065520 0.9991649
1660222730.344273 -0.2163959 -0.3320761 -1.9967260 -0.0023142 -0.0468469 0.0066933 0.9988770
1660222732.628997 -0.2095511 -0.2952794 -1.7720445 -0.0048374 -0.0638299 0.0120293 0.9978766
1660222736.982876 -0.2069423 -0.2619294 -1.5498525 0.0100364 -0.0228337 0.0176186 0.9995337
1660222738.118518 -0.2032579 -0.2527256 -1.4881319 0.0000727 -0.0339969 0.0048294 0.9994103
1660222738.723294 -0.2024358 -0.2468210 -1.4527216 -0.0055994 -0.0572099 0.0102147 0.9982942
1660222739.529673 -0.2037723 -0.2392343 -1.3977697 -0.0089301 -0.0456749 0.0027388 0.9989127
1660222740.336041 -0.2027670 -0.2280028 -1.3256370 -0.0026502 -0.0190889 -0.0035460 0.9998080
1660222741.008020 -0.2000893 -0.2186287 -1.2685051 0.0005279 0.0097695 -0.0098798 0.9999034
1660222742.150408 -0.1970462 -0.2036160 -1.1663233 -0.0010739 0.0405427 -0.0120819 0.9991042
1660222743.023964 -0.1974663 -0.1912574 -1.0847354 -0.0031518 0.0559244 -0.0157493 0.9983059
1660222743.695467 -0.1961741 -0.1817722 -1.0211315 -0.0032365 0.0558114 -0.0144933 0.9983309
1660222745.229987 -0.1821814 -0.1608809 -0.8802783 -0.0000826 0.0758356 -0.0169955 0.9969755
1660222746.264114 -0.1737649 -0.1441337 -0.7716389 -0.0021001 0.0660001 -0.0148105 0.9977075
1660222747.164796 -0.1661749 -0.1320525 -0.6839350 0.0008889 0.0540836 -0.0134848 0.9984450
1660222747.965396 -0.1573958 -0.1224854 -0.6161761 0.0029313 0.0479745 -0.0114140 0.9987791
1660222748.766018 -0.1493478 -0.1122377 -0.5463696 0.0019974 0.0612222 -0.0143843 0.9980185
1660222750.747894 -0.1225743 -0.0866677 -0.3636414 0.0004187 0.0522916 -0.0136027 0.9985391
1660222755.325049 -0.0755967 -0.0193932 0.0831786 -0.0046804 0.0196167 -0.0081916 0.9997631
1660222755.929346 -0.0741558 -0.0110113 0.1386674 -0.0057344 0.0401332 -0.0127814 0.9990962
1660222756.496441 -0.0662074 -0.0031016 0.1916367 -0.0045540 0.0388923 -0.0124861 0.9991551
1660222757.063541 -0.0553551 0.0062402 0.2450333 -0.0033650 0.0417027 -0.0120356 0.9990519
1660222757.764087 -0.0416076 0.0169695 0.3117276 -0.0042415 0.0396668 -0.0110861 0.9991425
1660222758.364536 -0.0307737 0.0261578 0.3688922 -0.0042734 0.0269528 -0.0080709 0.9995950
1660222758.898269 -0.0228290 0.0325791 0.4109787 -0.0027562 0.0216584 -0.0074134 0.9997342
1660222759.465378 -0.0152726 0.0395263 0.4524395 -0.0005545 0.0032109 -0.0033787 0.9999890
1660222760.065844 -0.0133925 0.0419366 0.4687828 -0.0004395 -0.0012618 -0.0023754 0.9999963
1660222762.567755 -0.0131360 0.0427720 0.4683360 0.0048257 -0.0009540 -0.0008716 0.9999876
